sournote8
nom_sujet, echelle, SOAms, F_ref_min, F_ref_max, moment, 
total_essais, Hits, Correct_rejections, Misses, False_alarms 
--------------------------------------------------------------------
ld;1;300;370;740;2022 01 26 20 35;20;2;10;4;4
ld;2;300;370;740;2022 01 26 20 39;20;3;5;6;6
--------------------------------------------------------------------
ld;1;300;370;740;2022 01 27 13 02;20;5;6;6;3
ld;1;300;370;740;2022 01 27 13 15;40;8;14;11;7
ld;1;300;370;740;2022 01 27 13 21;40;8;13;9;10
ld;1;300;370;740;2022 01 27 13 29;40;9;16;9;6
ld;1;300;370;740;2022 01 27 13 45;40;10;13;14;3
ld;1;300;370;740;2022 01 27 13 51;40;12;16;6;6
--------------
59.5
--------------
ld;2;300;370;740;2022 01 28 23 42;20;6;6;2;6
ld;2;300;370;740;2022 01 28 23 45;40;17;9;6;8
ld;2;300;370;740;2022 01 28 23 57;40;15;13;5;7
ld;2;300;370;740;2022 01 29 00 07;40;12;16;3;9
ld;2;300;370;740;2022 01 29 00 14;40;17;15;1;7
ld;2;300;370;740;2022 01 29 00 21;40;15;13;7;5
--------------
71
--------------
ld;2;300;370;740;2022 01 29 15 41;20;4;10;4;2
ld;2;300;370;740;2022 01 29 15 44;40;10;15;10;5
ld;2;300;370;740;2022 01 29 15 52;40;10;16;10;4
ld;2;300;370;740;2022 01 29 16 00;40;13;16;7;4
ld;2;300;370;740;2022 01 29 16 11;40;11;13;8;8
ld;2;300;370;740;2022 01 29 19 45;40;14;13;12;1
--------------
65.5
--------------
ld;1;300;370;740;2022 01 29 23 05;20;5;8;2;5
ld;1;300;370;740;2022 01 29 23 08;40;12;22;4;2
ld;1;300;370;740;2022 01 29 23 15;40;18;19;2;1
ld;1;300;370;740;2022 01 29 23 22;40;19;16;4;1
ld;1;300;370;740;2022 01 29 23 37;40;15;16;7;2
ld;1;300;370;740;2022 01 29 23 45;40;13;18;9;0
--------------
84
--------------
ld;1;300;370;740;2022 01 30 15 43;20;9;8;2;1
ld;1;300;370;740;2022 01 30 15 47;40;13;24;1;2
ld;1;300;370;740;2022 01 30 15 54;40;14;20;4;2
ld;1;300;370;740;2022 01 30 16 02;40;13;20;4;3
ld;1;300;370;740;2022 01 30 16 17;40;16;18;2;4
ld;1;300;370;740;2022 01 30 16 24;40;15;21;1;3
--------------
87
--------------
ld;2;300;370;740;2022 01 30 23 50;20;8;9;2;1
ld;2;300;370;740;2022 01 30 23 54;40;12;18;5;5
ld;2;300;370;740;2022 01 31 00 00;40;17;13;4;6
ld;2;300;370;740;2022 01 31 00 07;40;13;16;6;5
ld;2;300;370;740;2022 01 31 00 15;40;10;18;8;4
ld;2;300;370;740;2022 01 31 00 24;40;14;21;3;2
--------------
76
--------------
ld;2;300;370;740;2022 01 31 16 39;20;8;8;2;2
ld;2;300;370;740;2022 01 31 16 42;40;10;23;3;4
ld;2;300;370;740;2022 01 31 16 50;40;11;23;3;3
ld;2;300;370;740;2022 01 31 16 56;40;15;18;3;4
ld;2;300;370;740;2022 01 31 17 04;40;13;20;6;1
ld;2;300;370;740;2022 01 31 17 11;40;18;16;3;3
--------------
83.5
--------------
ld;1;300;370;740;2022 01 31 21 13;20;9;9;2;0
ld;1;300;370;740;2022 01 31 21 18;40;15;21;2;2
ld;1;300;370;740;2022 01 31 21 44;40;18;17;2;3
ld;1;300;370;740;2022 01 31 21 51;40;23;13;0;4
ld;1;300;370;740;2022 01 31 21 58;40;15;23;0;2
ld;1;300;370;740;2022 01 31 22 06;40;18;16;4;2
--------------
89.5
--------------
ld;0;300;370;740;2022 02 01 01 52;20;5;10;3;2
ld;0;300;370;740;2022 02 01 01 54;20;12;7;1;0
ld;0;300;370;740;2022 02 01 01 57;20;10;9;1;0
ld;0;300;370;740;2022 02 01 02 00;20;9;10;1;0

ld;1;300;370;740;2022 02 01 12 03;20;8;9;0;3
ld;1;300;370;740;2022 02 01 12 07;40;17;19;1;3
ld;1;300;370;740;2022 02 01 12 14;40;17;16;2;5
ld;1;300;370;740;2022 02 01 13 29;40;11;25;2;2
ld;1;300;370;740;2022 02 01 13 36;40;22;16;0;2
ld;1;300;370;740;2022 02 01 13 46;40;18;22;0;0
ld;2;300;370;740;2022 02 02 01 04;20;6;8;3;3
ld;2;300;370;740;2022 02 02 01 07;40;14;16;4;6
ld;2;300;370;740;2022 02 02 01 13;40;13;17;5;5
ld;2;300;370;740;2022 02 02 01 36;40;20;17;2;1
ld;2;300;370;740;2022 02 02 01 49;40;17;18;3;2
ld;2;300;370;740;2022 02 02 01 55;40;17;15;4;4
ld;2;300;370;740;2022 02 02 14 10;20;5;13;2;0
ld;2;300;370;740;2022 02 02 14 13;40;17;14;3;6
ld;2;300;370;740;2022 02 02 14 19;40;21;13;2;4
ld;2;300;370;740;2022 02 02 15 01;40;18;18;1;3
ld;2;300;370;740;2022 02 02 15 07;40;22;17;1;0
ld;2;300;370;740;2022 02 02 15 14;40;16;18;4;2
ld;1;300;370;740;2022 02 02 22 00;20;9;10;1;0
ld;1;300;370;740;2022 02 02 22 03;40;21;16;3;0
ld;1;300;370;740;2022 02 02 22 10;40;19;17;1;3
ld;1;300;370;740;2022 02 02 22 18;40;15;22;2;1
ld;1;300;370;740;2022 02 02 22 26;40;24;15;0;1
ld;1;300;370;740;2022 02 02 22 32;40;24;14;1;1
ld;1;300;370;740;2022 02 03 19 29;20;6;11;1;2
ld;1;300;370;740;2022 02 03 19 33;40;17;21;1;1
ld;1;300;370;740;2022 02 03 19 40;40;19;18;0;3
ld;1;300;370;740;2022 02 03 19 46;40;20;17;2;1
ld;1;300;370;740;2022 02 03 19 56;40;18;21;0;1
ld;1;300;370;740;2022 02 03 20 02;40;19;18;1;2
ld;2;300;370;740;2022 02 03 21 40;20;10;8;2;0
ld;2;300;370;740;2022 02 03 21 43;40;15;19;4;2
ld;2;300;370;740;2022 02 03 21 50;40;15;21;2;2
ld;2;300;370;740;2022 02 03 21 57;40;11;19;5;5
ld;2;300;370;740;2022 02 03 22 55;40;16;16;4;4
ld;2;300;370;740;2022 02 03 23 01;40;18;18;1;3
ld;2;300;370;740;2022 02 04 12 45;20;7;7;3;3
ld;2;300;370;740;2022 02 04 12 49;40;12;20;1;7
ld;2;300;370;740;2022 02 04 12 56;40;16;18;4;2
ld;2;300;370;740;2022 02 04 13 09;40;13;19;4;4
ld;2;300;370;740;2022 02 04 13 21;40;16;13;3;8
ld;2;300;370;740;2022 02 04 13 27;40;19;17;3;1
ld;1;300;370;740;2022 02 04 19 30;20;12;5;3;0
ld;1;300;370;740;2022 02 04 19 33;40;19;19;0;2
ld;1;300;370;740;2022 02 04 19 38;40;15;21;1;3
ld;1;300;370;740;2022 02 04 19 45;40;15;23;2;0
ld;1;300;370;740;2022 02 04 20 51;40;17;20;2;1
ld;1;300;370;740;2022 02 04 20 57;40;18;21;0;1
ld;1;300;370;740;2022 02 05 19 28;20;10;9;0;1
ld;1;300;370;740;2022 02 05 19 31;40;20;19;1;0
ld;1;300;370;740;2022 02 05 19 37;40;19;18;0;3
ld;1;300;370;740;2022 02 05 19 44;40;11;27;0;2
ld;1;300;370;740;2022 02 05 19 50;40;20;16;1;3
ld;1;300;370;740;2022 02 05 19 57;40;20;18;0;2
ld;2;300;370;740;2022 02 05 22 26;20;4;9;5;2
ld;2;300;370;740;2022 02 05 22 29;40;16;20;0;4
ld;2;300;370;740;2022 02 05 22 35;40;19;14;4;3
ld;2;300;370;740;2022 02 05 22 42;40;19;16;2;3
ld;2;300;370;740;2022 02 05 23 25;40;10;23;4;3
ld;2;300;370;740;2022 02 05 23 31;40;22;15;2;1
ld;2;300;370;740;2022 02 06 15 04;20;6;10;1;3
ld;2;300;370;740;2022 02 06 15 07;40;13;22;2;3
ld;2;300;370;740;2022 02 06 15 14;40;17;15;2;6
ld;2;300;370;740;2022 02 06 15 47;40;19;16;1;4
ld;2;300;370;740;2022 02 06 15 53;40;19;12;2;7
ld;2;300;370;740;2022 02 06 15 59;40;14;18;6;2
ld;1;300;370;740;2022 02 06 18 58;20;8;11;1;0
ld;1;300;370;740;2022 02 06 19 01;40;17;20;2;1
ld;1;300;370;740;2022 02 06 19 08;40;16;19;3;2
ld;1;300;370;740;2022 02 06 19 14;40;14;23;2;1
ld;1;300;370;740;2022 02 06 19 22;40;19;20;0;1
ld;1;300;370;740;2022 02 06 19 28;40;20;16;2;2
a;0;300;370;740;2022 02 06 19 35;10;4;3;3;0
a;0;300;370;740;2022 02 06 19 36;20;8;9;3;0
a;0;300;370;740;2022 02 06 19 50;20;3;8;8;1
a;0;300;370;740;2022 02 06 19 52;20;6;9;2;3
a;0;300;370;740;2022 02 06 19 55;20;6;10;1;3
a;0;300;370;740;2022 02 06 20 14;20;10;7;3;0
